-3.039999999999999994e-02
-1.042000000000000010e-01
-3.748000000000000220e-01
6.478000000000000425e-01
-3.433999999999999830e-01
1.383999999999999952e-01
4.013999999999999790e-01
4.166000000000000258e-01
-1.774000000000000021e-01
-4.020000000000000240e-01
-5.634000000000000119e-01
-2.439999999999999947e-01
4.869999999999999885e-01
3.104000000000000092e-01
-1.448000000000000120e-01
-6.081999999999999629e-01
6.528000000000000469e-01
-2.862000000000000099e-01
1.760000000000000106e-02
-4.046000000000000152e-01
-9.726000000000000201e-01
6.582000000000000073e-01
7.349999999999999867e-01
6.774000000000000021e-01
-5.208000000000000407e-01
-3.357999999999999874e-01
5.138000000000000345e-01
-1.912000000000000088e-01
-7.912000000000000144e-01
-4.798000000000000043e-01
6.180000000000000077e-02
-8.930000000000000160e-01
-6.004000000000000448e-01
9.374000000000000110e-01
-2.972000000000000197e-01
-6.124000000000000554e-01
7.082000000000000517e-01
-7.199999999999999803e-03
-2.414000000000000035e-01
-9.599999999999999159e-03
-1.922000000000000097e-01
6.059999999999999831e-01
2.401999999999999968e-01
6.379999999999999560e-02
9.641999999999999460e-01
5.846000000000000085e-01
-1.218000000000000055e-01
-6.266000000000000458e-01
-4.845999999999999752e-01
8.467999999999999972e-01
-6.119999999999999885e-01
-5.372000000000000108e-01
-9.235999999999999766e-01
-9.687999999999999945e-01
9.704000000000000403e-01
1.439999999999999891e-01
8.598000000000000087e-01
4.470000000000000084e-01
6.071999999999999620e-01
-2.636000000000000010e-01
-2.060000000000000026e-02
1.995999999999999996e-01
-7.336000000000000298e-01
2.823999999999999844e-01
3.014000000000000012e-01
2.303999999999999937e-01
2.995999999999999774e-01
-9.716000000000000192e-01
-7.920000000000000651e-02
-2.071999999999999953e-01
9.651999999999999469e-01
4.566000000000000059e-01
-4.265999999999999792e-01
5.262000000000000011e-01
-5.231999999999999984e-01
-4.399999999999999745e-02
-4.340000000000000108e-02
5.802000000000000490e-01
5.140000000000000124e-02
-6.603999999999999870e-01
9.724000000000000421e-01
-3.313999999999999724e-01
8.649999999999999911e-01
-9.686000000000000165e-01
-2.237999999999999989e-01
3.880000000000000115e-01
5.567999999999999616e-01
-7.745999999999999552e-01
-1.205999999999999989e-01
-7.499999999999999722e-02
-6.488000000000000433e-01
6.119999999999999746e-02
-3.459999999999999742e-01
9.659999999999999698e-01
-5.564000000000000057e-01
6.797999999999999599e-01
5.555999999999999828e-01
-4.052000000000000046e-01
-3.171999999999999820e-01
4.428000000000000269e-01
2.157999999999999918e-01
