2.674000000000000266e-01
-9.631999999999999451e-01
-9.666000000000000147e-01
9.687999999999999945e-01
-9.686000000000000165e-01
-9.697999999999999954e-01
9.686000000000000165e-01
9.666000000000000147e-01
9.686000000000000165e-01
-9.719999999999999751e-01
-9.661999999999999478e-01
-9.677999999999999936e-01
9.697999999999999954e-01
-4.364000000000000101e-01
-9.719999999999999751e-01
-9.691999999999999504e-01
9.677999999999999936e-01
9.457999999999999741e-01
2.945999999999999730e-01
-9.709999999999999742e-01
-9.664000000000000368e-01
9.706000000000000183e-01
9.681999999999999496e-01
9.696000000000000174e-01
-9.699999999999999734e-01
-9.667999999999999927e-01
9.751999999999999558e-01
-9.724000000000000421e-01
-9.697999999999999954e-01
-9.687999999999999945e-01
-9.741999999999999549e-01
-9.759999999999999787e-01
-9.656000000000000139e-01
9.699999999999999734e-01
-9.701999999999999513e-01
-9.729999999999999760e-01
9.596000000000000085e-01
9.771999999999999575e-01
5.225999999999999535e-01
9.656000000000000139e-01
-9.651999999999999469e-01
9.676000000000000156e-01
9.659999999999999698e-01
-9.727999999999999980e-01
9.764000000000000457e-01
9.711999999999999522e-01
9.689999999999999725e-01
-9.671999999999999487e-01
-9.661999999999999478e-01
9.674000000000000377e-01
-9.714000000000000412e-01
-9.659999999999999698e-01
-9.676000000000000156e-01
-9.706000000000000183e-01
9.699999999999999734e-01
9.691999999999999504e-01
9.741999999999999549e-01
9.679999999999999716e-01
9.677999999999999936e-01
-9.724000000000000421e-01
9.704000000000000403e-01
9.721999999999999531e-01
-9.721999999999999531e-01
9.747999999999999998e-01
9.689999999999999725e-01
9.741999999999999549e-01
9.704000000000000403e-01
-9.699999999999999734e-01
9.704000000000000403e-01
-9.731999999999999540e-01
9.657999999999999918e-01
9.701999999999999513e-01
-9.651999999999999469e-01
9.719999999999999751e-01
-9.724000000000000421e-01
-1.832000000000000017e-01
9.714000000000000412e-01
9.667999999999999927e-01
9.696000000000000174e-01
-9.656000000000000139e-01
9.659999999999999698e-01
-9.734000000000000430e-01
9.684000000000000385e-01
-9.737999999999999989e-01
9.709999999999999742e-01
9.686000000000000165e-01
9.726000000000000201e-01
-9.684000000000000385e-01
-9.689999999999999725e-01
9.724000000000000421e-01
-9.699999999999999734e-01
9.707999999999999963e-01
9.651999999999999469e-01
9.699999999999999734e-01
-9.667999999999999927e-01
9.747999999999999998e-01
9.717999999999999972e-01
-9.727999999999999980e-01
-9.746000000000000218e-01
9.759999999999999787e-01
-9.721999999999999531e-01
