2.369999999999999885e-01
6.099999999999999867e-02
-1.839999999999999969e-02
3.004000000000000004e-01
-1.121999999999999942e-01
1.103999999999999981e-01
8.820000000000000062e-02
2.779999999999999832e-02
-2.049999999999999878e-01
1.438000000000000111e-01
1.035999999999999976e-01
7.119999999999999940e-02
-1.690000000000000113e-01
1.919999999999999832e-02
-2.019999999999999921e-02
-7.059999999999999609e-02
-3.125999999999999890e-01
4.220000000000000140e-02
-1.205999999999999989e-01
1.270000000000000018e-01
-5.820000000000000173e-02
-1.154000000000000026e-01
-1.703999999999999959e-01
-7.979999999999999594e-02
-1.264000000000000123e-01
-8.820000000000000062e-02
-1.320000000000000062e-01
-3.824000000000000177e-01
7.399999999999999634e-02
-1.243999999999999967e-01
-2.126000000000000112e-01
-6.700000000000000400e-02
9.719999999999999474e-02
-1.577999999999999958e-01
1.087999999999999939e-01
2.369999999999999885e-01
-2.239999999999999977e-02
1.097999999999999948e-01
-1.039999999999999952e-02
-7.820000000000000562e-02
-7.900000000000000078e-02
6.660000000000000642e-02
7.199999999999999803e-03
2.280000000000000082e-02
-1.086000000000000021e-01
-9.039999999999999425e-02
2.852000000000000091e-01
-5.539999999999999786e-02
1.534000000000000086e-01
-5.920000000000000262e-02
-5.020000000000000157e-02
1.927999999999999992e-01
2.259999999999999856e-02
1.400000000000000133e-01
-3.760000000000000148e-02
1.229999999999999982e-01
2.099999999999999922e-01
-9.600000000000000200e-02
-3.191999999999999837e-01
-1.379999999999999977e-02
-8.759999999999999731e-02
3.259999999999999704e-02
8.740000000000000546e-02
-1.973999999999999921e-01
8.039999999999999925e-02
1.252000000000000057e-01
-5.240000000000000213e-02
1.822000000000000008e-01
-1.590000000000000024e-01
5.399999999999999939e-02
-1.325999999999999956e-01
-2.214000000000000135e-01
1.623999999999999888e-01
2.291999999999999871e-01
1.799999999999999864e-02
9.120000000000000329e-02
-1.420000000000000082e-02
-5.020000000000000157e-02
3.139999999999999736e-02
1.200000000000000025e-02
-7.240000000000000602e-02
6.479999999999999649e-02
-2.214000000000000135e-01
-3.440000000000000002e-02
-1.582000000000000073e-01
9.900000000000000466e-02
-6.279999999999999472e-02
2.179999999999999993e-02
-3.799999999999999906e-02
2.000000000000000096e-04
1.519999999999999997e-02
1.388000000000000067e-01
-5.979999999999999899e-02
1.981999999999999873e-01
-2.330000000000000127e-01
2.479999999999999913e-02
-1.507999999999999896e-01
5.360000000000000181e-02
-2.647999999999999798e-01
-3.399999999999999811e-03
-1.816000000000000114e-01
