6.797999999999999599e-01
6.572000000000000064e-01
6.582000000000000073e-01
7.361999999999999655e-01
-7.056000000000000050e-01
-5.021999999999999797e-01
7.588000000000000300e-01
3.559999999999999831e-01
-5.877999999999999892e-01
6.705999999999999739e-01
6.870000000000000551e-01
3.755999999999999894e-01
6.173999999999999488e-01
-6.233999999999999542e-01
-6.608000000000000540e-01
-7.779999999999999416e-02
-5.440000000000000391e-01
6.066000000000000281e-01
-5.966000000000000192e-01
5.585999999999999854e-01
-4.647999999999999909e-01
-7.438000000000000167e-01
6.064000000000000501e-01
-7.336000000000000298e-01
6.710000000000000409e-01
-6.640000000000000346e-01
-5.008000000000000229e-01
-6.602000000000000091e-01
6.146000000000000352e-01
-6.004000000000000448e-01
-7.261999999999999567e-01
-4.803999999999999937e-01
7.241999999999999549e-01
-7.042000000000000481e-01
5.782000000000000473e-01
5.607999999999999652e-01
-7.621999999999999886e-01
-6.965999999999999970e-01
1.993999999999999939e-01
-5.485999999999999766e-01
6.860000000000000542e-01
-7.506000000000000449e-01
-6.882000000000000339e-01
-6.722000000000000197e-01
1.431999999999999940e-01
6.870000000000000551e-01
7.104000000000000314e-01
7.176000000000000156e-01
-1.791999999999999982e-01
6.133999999999999453e-01
-6.754000000000000004e-01
-6.213999999999999524e-01
-6.148000000000000131e-01
7.393999999999999462e-01
-2.215999999999999914e-01
7.276000000000000245e-01
-7.144000000000000350e-01
5.981999999999999540e-01
4.467999999999999750e-01
5.565999999999999837e-01
6.615999999999999659e-01
6.346000000000000529e-01
6.558000000000000496e-01
-6.433999999999999719e-01
-6.515999999999999570e-01
6.481999999999999984e-01
-5.927999999999999936e-01
-7.496000000000000441e-01
6.078000000000000069e-01
-6.491999999999999993e-01
-7.351999999999999647e-01
-6.143999999999999462e-01
-4.944000000000000061e-01
6.368000000000000327e-01
-4.657999999999999918e-01
-5.178000000000000380e-01
6.613999999999999879e-01
-6.835999999999999854e-01
-7.782000000000000028e-01
3.069999999999999951e-01
-7.237999999999999989e-01
-6.710000000000000409e-01
-7.247999999999999998e-01
-6.383999999999999675e-01
7.648000000000000353e-01
7.084000000000000297e-01
6.885999999999999899e-01
6.665999999999999703e-01
6.276000000000000467e-01
6.635999999999999677e-01
7.374000000000000554e-01
5.727999999999999758e-01
-7.057999999999999829e-01
6.825999999999999845e-01
4.984000000000000097e-01
-7.099999999999999367e-02
-7.047999999999999821e-01
2.982000000000000206e-01
-6.071999999999999620e-01
7.094000000000000306e-01
-7.481999999999999762e-01
