-2.202000000000000068e-01
-2.594000000000000195e-01
-9.694000000000000394e-01
9.759999999999999787e-01
-9.744000000000000439e-01
-1.496000000000000107e-01
9.714000000000000412e-01
9.704000000000000403e-01
1.799999999999999951e-03
-9.684000000000000385e-01
-9.719999999999999751e-01
-3.489999999999999769e-01
9.729999999999999760e-01
2.916000000000000258e-01
2.152000000000000024e-01
-9.761999999999999567e-01
9.666000000000000147e-01
-3.996000000000000107e-01
-9.239999999999999603e-02
-9.649999999999999689e-01
-9.671999999999999487e-01
9.701999999999999513e-01
9.681999999999999496e-01
9.696000000000000174e-01
-9.721999999999999531e-01
-9.747999999999999998e-01
9.704000000000000403e-01
-9.731999999999999540e-01
-9.716000000000000192e-01
-9.739999999999999769e-01
1.408000000000000085e-01
-9.714000000000000412e-01
-9.647999999999999909e-01
9.681999999999999496e-01
-2.064000000000000001e-01
-9.716000000000000192e-01
9.661999999999999478e-01
1.923999999999999877e-01
-2.538000000000000256e-01
1.049999999999999961e-01
-9.741999999999999549e-01
9.667999999999999927e-01
9.717999999999999972e-01
1.721999999999999920e-01
9.639999999999999680e-01
9.736000000000000210e-01
1.015999999999999959e-01
-9.706000000000000183e-01
-9.661999999999999478e-01
9.674000000000000377e-01
-9.729999999999999760e-01
-9.709999999999999742e-01
-9.717999999999999972e-01
-9.707999999999999963e-01
9.684000000000000385e-01
2.570000000000000062e-01
9.666000000000000147e-01
9.669999999999999707e-01
9.729999999999999760e-01
-9.699999999999999734e-01
9.696000000000000174e-01
-3.131999999999999784e-01
-9.699999999999999734e-01
1.252000000000000057e-01
9.677999999999999936e-01
2.651999999999999913e-01
9.686000000000000165e-01
-9.659999999999999698e-01
3.337999999999999856e-01
-9.691999999999999504e-01
9.716000000000000192e-01
9.694000000000000394e-01
-9.719999999999999751e-01
9.694000000000000394e-01
-9.719999999999999751e-01
1.272000000000000075e-01
-5.700000000000000205e-02
9.664000000000000368e-01
8.980000000000000482e-02
-9.727999999999999980e-01
9.691999999999999504e-01
-3.367999999999999883e-01
9.656000000000000139e-01
-9.704000000000000403e-01
1.630000000000000060e-01
9.696000000000000174e-01
9.707999999999999963e-01
-9.704000000000000403e-01
-1.343999999999999917e-01
1.178000000000000019e-01
-9.677999999999999936e-01
4.119999999999999774e-01
-1.549999999999999989e-01
9.699999999999999734e-01
-9.711999999999999522e-01
9.746000000000000218e-01
9.694000000000000394e-01
-9.694000000000000394e-01
-9.717999999999999972e-01
9.661999999999999478e-01
-2.400000000000000050e-02
