-2.255999999999999950e-01
-1.120000000000000023e-01
5.199999999999999761e-03
1.062000000000000027e-01
6.579999999999999738e-02
9.719999999999999474e-02
3.440000000000000002e-02
-1.839999999999999969e-02
-5.020000000000000157e-02
-6.160000000000000198e-02
-5.659999999999999754e-02
-4.299999999999999656e-02
6.660000000000000642e-02
1.555999999999999883e-01
-3.760000000000000148e-02
-2.766000000000000125e-01
2.162000000000000033e-01
-4.780000000000000221e-02
9.020000000000000240e-02
1.400000000000000029e-02
-4.577999999999999847e-01
1.990000000000000102e-01
3.416000000000000147e-01
1.419999999999999873e-01
-1.449999999999999900e-01
-4.580000000000000043e-02
1.471999999999999975e-01
-1.232000000000000040e-01
-3.427999999999999936e-01
-5.779999999999999721e-02
3.579999999999999849e-02
-4.056000000000000161e-01
-2.621999999999999886e-01
4.006000000000000116e-01
-1.195999999999999980e-01
-3.880000000000000115e-02
1.683999999999999941e-01
-2.120000000000000009e-02
-1.264000000000000123e-01
-7.580000000000000626e-02
-1.028000000000000025e-01
1.600000000000000033e-01
4.479999999999999954e-02
5.500000000000000028e-02
4.633999999999999786e-01
2.567999999999999727e-01
-1.015999999999999959e-01
-2.796000000000000152e-01
-2.489999999999999991e-01
3.195999999999999952e-01
-3.662000000000000255e-01
-2.127999999999999892e-01
-1.042000000000000010e-01
-5.639999999999999458e-01
5.622000000000000330e-01
1.011999999999999983e-01
3.462000000000000077e-01
9.879999999999999893e-02
1.948000000000000009e-01
9.799999999999999684e-03
-2.239999999999999977e-02
7.820000000000000562e-02
-1.993999999999999939e-01
2.220000000000000029e-01
1.185999999999999971e-01
3.139999999999999736e-02
-5.460000000000000270e-02
-2.953999999999999959e-01
-8.599999999999999312e-02
-4.680000000000000132e-02
3.214000000000000190e-01
6.600000000000000311e-02
-5.199999999999999761e-02
1.055999999999999994e-01
-3.459999999999999881e-02
2.599999999999999881e-03
4.560000000000000164e-02
2.597999999999999754e-01
2.280000000000000082e-02
-2.174000000000000099e-01
4.882000000000000228e-01
-2.041999999999999926e-01
2.010000000000000120e-01
-4.017999999999999905e-01
-1.310000000000000053e-01
2.169999999999999984e-01
3.500000000000000333e-02
-2.278000000000000025e-01
-1.365999999999999992e-01
-8.440000000000000280e-02
-5.000000000000000278e-02
1.720000000000000001e-02
-3.215999999999999970e-01
4.421999999999999820e-01
-1.532000000000000028e-01
1.884000000000000119e-01
5.539999999999999786e-02
-7.320000000000000118e-02
-2.740000000000000074e-02
6.199999999999999956e-02
8.780000000000000304e-02
