6.802000000000000268e-01
-1.807999999999999885e-01
5.298000000000000487e-01
6.251999999999999780e-01
-4.961999999999999744e-01
-4.102000000000000091e-01
7.860000000000000320e-02
-1.477999999999999869e-01
-2.239999999999999977e-02
2.472000000000000031e-01
-2.111999999999999988e-01
4.702000000000000068e-01
-1.484000000000000041e-01
6.692000000000000171e-01
2.999999999999999889e-02
3.174000000000000155e-01
-3.741999999999999771e-01
2.601999999999999869e-01
-6.782000000000000250e-01
6.091999999999999638e-01
-4.298000000000000154e-01
-3.376000000000000112e-01
-1.120000000000000023e-01
-5.907999999999999918e-01
-1.110000000000000014e-01
-2.179999999999999993e-02
-2.591999999999999860e-01
-3.356000000000000094e-01
1.633999999999999897e-01
-3.864000000000000212e-01
-4.096000000000000196e-01
4.036000000000000143e-01
3.310000000000000164e-01
-2.310000000000000109e-01
1.799999999999999933e-01
4.561999999999999944e-01
1.899999999999999953e-02
-4.902000000000000246e-01
-3.569999999999999840e-01
-6.129999999999999893e-01
-3.927999999999999825e-01
-1.776000000000000079e-01
-2.624000000000000221e-01
-2.088000000000000134e-01
-6.000000000000000125e-03
9.539999999999999869e-02
6.642000000000000126e-01
1.110000000000000014e-01
5.070000000000000062e-01
1.713999999999999968e-01
1.082000000000000045e-01
-2.574000000000000177e-01
5.879999999999999810e-02
2.485999999999999877e-01
-5.079999999999999793e-02
5.270000000000000240e-01
1.557999999999999940e-01
1.141999999999999960e-01
-6.398000000000000353e-01
3.589999999999999858e-01
-1.952000000000000124e-01
-1.600000000000000033e-02
2.624000000000000221e-01
-5.160000000000000142e-01
-5.840000000000000052e-02
1.246000000000000024e-01
-1.403999999999999970e-01
4.521999999999999909e-01
2.036000000000000032e-01
-5.580000000000000238e-02
-3.227999999999999758e-01
-4.368000000000000216e-01
1.620000000000000051e-01
3.897999999999999798e-01
1.370000000000000107e-01
2.230000000000000038e-01
1.299999999999999940e-02
-1.116000000000000048e-01
5.453999999999999959e-01
4.329999999999999960e-01
-1.746000000000000052e-01
9.199999999999999845e-02
-5.328000000000000513e-01
2.641999999999999904e-01
-2.346000000000000030e-01
4.019999999999999962e-02
-2.026000000000000023e-01
4.660000000000000253e-02
4.873999999999999999e-01
-5.776000000000000023e-01
2.746000000000000107e-01
4.929999999999999938e-01
-3.506000000000000227e-01
2.043999999999999984e-01
-3.548000000000000043e-01
1.010000000000000064e-01
-2.826000000000000179e-01
7.599999999999999811e-02
-5.662000000000000366e-01
6.485999999999999543e-01
-4.340000000000000108e-02
