6.588000000000000522e-01
-2.829999999999999738e-01
6.091999999999999638e-01
7.621999999999999886e-01
-6.411999999999999922e-01
-6.081999999999999629e-01
4.109999999999999765e-01
-4.819999999999999840e-01
-4.657999999999999918e-01
4.122000000000000108e-01
-2.088000000000000134e-01
7.221999999999999531e-01
-3.382000000000000006e-01
5.976000000000000201e-01
-2.006000000000000005e-01
4.613999999999999768e-01
-6.233999999999999542e-01
4.693999999999999839e-01
-4.133999999999999897e-01
7.436000000000000387e-01
-1.529999999999999971e-01
-7.247999999999999998e-01
-1.361999999999999877e-01
-5.904000000000000359e-01
-1.232000000000000040e-01
-1.028000000000000025e-01
-3.180000000000000049e-01
-6.089999999999999858e-01
5.071999999999999842e-01
-5.614000000000000101e-01
-6.555999999999999606e-01
5.056000000000000494e-01
7.096000000000000085e-01
-4.027999999999999914e-01
5.155999999999999472e-01
3.950000000000000178e-01
1.011999999999999983e-01
-6.188000000000000167e-01
-5.876000000000000112e-01
-7.590000000000000080e-01
-4.016000000000000125e-01
-3.533999999999999919e-01
1.323999999999999899e-01
-4.133999999999999897e-01
-2.003999999999999948e-01
3.333999999999999742e-01
5.697999999999999732e-01
4.404000000000000137e-01
5.951999999999999513e-01
2.262000000000000122e-01
6.040000000000000230e-02
-3.827999999999999736e-01
4.410000000000000031e-01
2.783999999999999808e-01
2.278000000000000025e-01
7.046000000000000041e-01
5.000000000000000104e-03
5.333999999999999853e-01
-5.540000000000000480e-01
5.577999999999999625e-01
-2.440000000000000155e-02
6.140000000000000319e-02
1.175999999999999962e-01
-6.153999999999999471e-01
2.160000000000000114e-02
3.612000000000000210e-01
-2.933999999999999941e-01
6.647999999999999465e-01
4.053999999999999826e-01
-2.647999999999999798e-01
-6.612000000000000099e-01
-5.031999999999999806e-01
-1.123999999999999999e-01
4.172000000000000153e-01
1.912000000000000088e-01
3.585999999999999743e-01
-4.650000000000000244e-01
2.272000000000000131e-01
5.687999999999999723e-01
4.534000000000000252e-01
2.217999999999999972e-01
-7.399999999999999634e-02
-3.794000000000000150e-01
1.710000000000000131e-01
-5.330000000000000293e-01
-2.419999999999999929e-02
-5.283999999999999808e-01
2.500000000000000000e-01
5.043999999999999595e-01
-7.319999999999999840e-01
1.246000000000000024e-01
7.356000000000000316e-01
-5.617999999999999661e-01
2.822000000000000064e-01
-4.162000000000000144e-01
3.781999999999999806e-01
-3.675999999999999823e-01
-2.474000000000000088e-01
-7.082000000000000517e-01
6.995999999999999996e-01
-3.780000000000000027e-01
