-2.200000000000000133e-03
-4.799999999999999580e-03
8.200000000000000691e-03
2.200000000000000133e-03
-3.599999999999999901e-03
-1.400000000000000029e-02
9.199999999999999845e-03
0.000000000000000000e+00
-1.319999999999999993e-02
5.599999999999999943e-03
3.000000000000000062e-03
6.199999999999999782e-03
-3.200000000000000153e-03
9.199999999999999845e-03
-7.400000000000000328e-03
2.359999999999999945e-02
4.799999999999999580e-03
-8.000000000000000383e-04
-1.200000000000000025e-02
0.000000000000000000e+00
-3.200000000000000153e-03
7.000000000000000146e-03
1.399999999999999986e-03
-3.399999999999999811e-03
-1.519999999999999997e-02
-5.199999999999999761e-03
-2.680000000000000090e-02
-1.420000000000000082e-02
1.700000000000000122e-02
5.799999999999999600e-03
1.460000000000000013e-02
-1.340000000000000045e-02
-1.140000000000000041e-02
-5.599999999999999943e-03
-1.619999999999999912e-02
-8.000000000000000383e-04
-1.600000000000000077e-03
7.199999999999999803e-03
1.799999999999999951e-03
-1.340000000000000045e-02
-1.220000000000000077e-02
-2.040000000000000147e-02
1.220000000000000077e-02
-4.799999999999999580e-03
-1.899999999999999953e-02
1.299999999999999940e-02
1.359999999999999924e-02
-1.179999999999999973e-02
-1.799999999999999951e-03
-7.599999999999999985e-03
-3.200000000000000153e-03
5.599999999999999943e-03
-3.599999999999999901e-03
5.000000000000000104e-03
-4.799999999999999580e-03
8.200000000000000691e-03
4.000000000000000083e-03
-1.000000000000000021e-03
-1.820000000000000090e-02
1.020000000000000073e-02
1.379999999999999977e-02
1.739999999999999880e-02
-6.799999999999999621e-03
-3.000000000000000062e-03
4.400000000000000265e-03
2.160000000000000114e-02
-3.799999999999999992e-03
-7.599999999999999985e-03
-7.599999999999999985e-03
-5.799999999999999600e-03
1.000000000000000021e-03
-1.519999999999999997e-02
1.519999999999999997e-02
-5.000000000000000104e-03
5.000000000000000104e-03
4.599999999999999922e-03
1.119999999999999989e-02
3.799999999999999992e-03
-5.799999999999999600e-03
2.799999999999999972e-03
-3.000000000000000062e-03
4.799999999999999580e-03
6.799999999999999621e-03
-1.260000000000000009e-02
-5.799999999999999600e-03
8.000000000000000167e-03
-1.280000000000000061e-02
-2.799999999999999972e-03
-1.199999999999999895e-03
-3.000000000000000062e-03
-8.200000000000000691e-03
-1.799999999999999951e-03
8.800000000000000530e-03
-1.000000000000000021e-03
3.799999999999999992e-03
1.239999999999999956e-02
-2.680000000000000090e-02
-2.599999999999999881e-03
-6.000000000000000125e-03
-7.599999999999999985e-03
0.000000000000000000e+00
