-5.519999999999999907e-02
2.960000000000000131e-02
-9.032000000000000028e-01
9.719999999999999751e-01
-9.529999999999999583e-01
2.860000000000000042e-02
5.854000000000000314e-01
8.643999999999999462e-01
-4.399999999999999745e-02
-8.619999999999999885e-01
-9.701999999999999513e-01
-3.078000000000000180e-01
9.357999999999999652e-01
1.514000000000000068e-01
-1.738000000000000100e-01
-9.651999999999999469e-01
9.676000000000000156e-01
-3.094000000000000083e-01
-7.220000000000000029e-02
-7.381999999999999673e-01
-9.701999999999999513e-01
9.721999999999999531e-01
9.669999999999999707e-01
9.637999999999999901e-01
-9.315999999999999837e-01
-7.027999999999999803e-01
9.667999999999999927e-01
-3.876000000000000001e-01
-9.664000000000000368e-01
-9.609999999999999654e-01
2.484000000000000097e-01
-9.707999999999999963e-01
-9.454000000000000181e-01
9.711999999999999522e-01
-3.025999999999999801e-01
-9.707999999999999963e-01
9.664000000000000368e-01
3.160000000000000309e-02
-1.938000000000000000e-01
4.259999999999999898e-02
-2.096000000000000085e-01
9.022000000000000020e-01
7.364000000000000545e-01
1.280000000000000027e-01
9.686000000000000165e-01
9.671999999999999487e-01
-1.444000000000000006e-01
-9.717999999999999972e-01
-8.860000000000000098e-01
9.706000000000000183e-01
-9.691999999999999504e-01
-8.783999999999999586e-01
-9.656000000000000139e-01
-9.727999999999999980e-01
9.758000000000000007e-01
1.749999999999999889e-01
9.694000000000000394e-01
5.330000000000000293e-01
9.677999999999999936e-01
-6.530000000000000249e-01
-7.159999999999999698e-02
1.648000000000000020e-01
-9.694000000000000394e-01
2.207999999999999963e-01
7.166000000000000147e-01
3.220000000000000084e-01
7.418000000000000149e-01
-9.699999999999999734e-01
-1.039999999999999952e-01
-2.703999999999999737e-01
9.729999999999999760e-01
8.272000000000000464e-01
-9.030000000000000249e-01
4.796000000000000263e-01
-9.707999999999999963e-01
-2.019999999999999921e-02
4.739999999999999769e-02
9.669999999999999707e-01
-4.379999999999999866e-02
-9.636000000000000121e-01
9.724000000000000421e-01
-2.376000000000000056e-01
9.739999999999999769e-01
-9.741999999999999549e-01
-1.809999999999999942e-01
7.845999999999999641e-01
9.667999999999999927e-01
-9.739999999999999769e-01
-1.348000000000000032e-01
7.400000000000000328e-03
-9.756000000000000227e-01
9.299999999999999933e-02
-3.830000000000000071e-01
9.704000000000000403e-01
-9.686000000000000165e-01
9.714000000000000412e-01
9.751999999999999558e-01
-8.042000000000000259e-01
-7.344000000000000528e-01
8.539999999999999813e-01
2.407999999999999863e-01
