-1.379999999999999977e-02
4.799999999999999580e-03
3.599999999999999901e-03
4.000000000000000083e-03
-6.199999999999999782e-03
-1.679999999999999896e-02
-4.000000000000000192e-04
-5.799999999999999600e-03
-2.599999999999999881e-03
-4.000000000000000192e-04
-7.000000000000000146e-03
-8.800000000000000530e-03
-1.119999999999999989e-02
-5.000000000000000104e-03
-5.400000000000000286e-03
-7.000000000000000146e-03
7.000000000000000146e-03
-1.399999999999999986e-03
-1.159999999999999920e-02
-8.000000000000000383e-04
-7.400000000000000328e-03
5.599999999999999943e-03
1.239999999999999956e-02
3.399999999999999811e-03
-9.199999999999999845e-03
-1.519999999999999997e-02
6.799999999999999621e-03
6.400000000000000307e-03
-1.179999999999999973e-02
-2.200000000000000133e-03
1.880000000000000074e-02
1.600000000000000077e-03
1.600000000000000077e-03
-6.599999999999999964e-03
1.399999999999999986e-03
-2.000000000000000042e-03
5.199999999999999761e-03
3.000000000000000062e-03
-6.400000000000000307e-03
1.959999999999999937e-02
-2.659999999999999865e-02
1.519999999999999997e-02
4.400000000000000265e-03
1.799999999999999951e-03
4.799999999999999580e-03
8.000000000000000383e-04
-6.000000000000000125e-03
-1.880000000000000074e-02
-1.399999999999999986e-03
2.000000000000000042e-03
-2.200000000000000133e-03
-2.200000000000000133e-03
-1.799999999999999951e-03
-9.400000000000000369e-03
1.200000000000000025e-02
-8.399999999999999481e-03
7.199999999999999803e-03
4.199999999999999740e-03
3.200000000000000153e-03
2.599999999999999881e-03
5.599999999999999943e-03
-6.799999999999999621e-03
3.799999999999999992e-03
-4.599999999999999922e-03
-2.599999999999999881e-03
-4.799999999999999580e-03
-1.600000000000000077e-03
-1.899999999999999953e-02
-2.460000000000000034e-02
-3.000000000000000062e-03
4.000000000000000083e-03
4.000000000000000192e-04
-1.199999999999999895e-03
1.199999999999999895e-03
6.599999999999999964e-03
2.139999999999999888e-02
1.619999999999999912e-02
4.000000000000000192e-04
7.599999999999999985e-03
-2.000000000000000096e-04
2.000000000000000042e-03
2.200000000000000133e-03
-1.799999999999999951e-03
-9.799999999999999684e-03
-1.199999999999999895e-03
1.420000000000000082e-02
3.200000000000000153e-03
0.000000000000000000e+00
-1.199999999999999895e-03
-3.799999999999999992e-03
9.799999999999999684e-03
5.599999999999999943e-03
4.599999999999999922e-03
7.599999999999999985e-03
-3.399999999999999811e-03
1.060000000000000005e-02
6.199999999999999782e-03
3.599999999999999901e-03
-4.000000000000000192e-04
2.200000000000000133e-03
1.540000000000000049e-02
