6.166000000000000369e-01
7.439999999999999947e-01
6.321999999999999842e-01
7.436000000000000387e-01
-4.490000000000000102e-01
-6.720000000000000417e-01
6.548000000000000487e-01
-7.318000000000000060e-01
-7.741999999999999993e-01
6.522000000000000020e-01
-7.144000000000000350e-01
7.189999999999999725e-01
-6.370000000000000107e-01
6.555999999999999606e-01
-4.581999999999999962e-01
6.955999999999999961e-01
-6.361999999999999877e-01
6.413999999999999702e-01
-6.812000000000000277e-01
6.725999999999999757e-01
-6.862000000000000322e-01
-7.017999999999999794e-01
7.129999999999999671e-01
-4.128000000000000003e-01
4.832000000000000184e-01
-7.291999999999999593e-01
-6.450000000000000178e-01
-6.338000000000000300e-01
4.593999999999999750e-01
-5.737999999999999767e-01
-6.977999999999999758e-01
6.884000000000000119e-01
6.400000000000000133e-01
-3.320000000000000034e-02
6.209999999999999964e-01
7.017999999999999794e-01
-6.999999999999999556e-01
-6.473999999999999755e-01
-7.568000000000000282e-01
-6.156000000000000361e-01
-5.504000000000000004e-01
-1.826000000000000123e-01
-6.378000000000000336e-01
-6.008000000000000007e-01
-5.213999999999999746e-01
7.298000000000000043e-01
6.323999999999999622e-01
6.860000000000000542e-01
6.233999999999999542e-01
-1.524000000000000077e-01
5.704000000000000181e-01
-6.004000000000000448e-01
5.437999999999999501e-01
7.356000000000000316e-01
2.059999999999999887e-01
6.954000000000000181e-01
7.641999999999999904e-01
6.777999999999999581e-01
-2.508000000000000229e-01
6.804000000000000048e-01
6.590000000000000302e-01
-6.834000000000000075e-01
-6.603999999999999870e-01
-6.840000000000000524e-01
6.313999999999999613e-01
4.697999999999999954e-01
-6.907999999999999696e-01
7.140000000000000513e-02
1.807999999999999885e-01
-7.721999999999999975e-01
-6.421999999999999931e-01
-4.268000000000000127e-01
-6.373999999999999666e-01
2.323999999999999955e-01
5.600000000000000117e-02
7.187999999999999945e-01
-5.605999999999999872e-01
-5.313999999999999835e-01
6.263999999999999568e-01
6.790000000000000480e-01
-7.046000000000000041e-01
-6.468000000000000416e-01
-6.844000000000000083e-01
4.812000000000000166e-01
-6.822000000000000286e-01
-6.418000000000000371e-01
-6.593999999999999861e-01
5.447999999999999510e-01
6.725999999999999757e-01
-7.032000000000000473e-01
6.533999999999999808e-01
7.768000000000000460e-01
-7.461999999999999744e-01
7.201999999999999513e-01
5.931999999999999496e-01
5.040000000000000036e-01
-5.937999999999999945e-01
3.719999999999999973e-01
-7.024000000000000243e-01
4.759999999999999787e-01
-5.869999999999999662e-01
