0  0.0  0.0
0.02  0.016  94.111
0.04  0.038  177.381
0.06  0.039  228.044
0.08  0.075  317.768
0.1  0.1  394.497
0.12  0.112  449.188
0.14  0.136  545.934
0.16  0.162  551.162
0.18  0.182  656.27
0.2  0.218  682.202
0.22  0.236  794.515
0.24  0.235  787.021
0.26  0.272  813.93
0.28  0.277  838.923
0.3  0.309  919.644
0.32  0.341  969.778
0.34  0.372  925.333
0.36  0.366  971.379
0.38  0.356  1003.991
0.4  0.406  987.563
0.42  0.419  1043.529
0.44  0.448  973.656
0.46  0.453  1043.119
0.48  0.478  1096.721
0.5  0.496  1054.258
0.52  0.521  952.75
0.54  0.528  965.539
0.56  0.556  1039.364
0.58  0.57  1035.136
0.6  0.606  1000.723
0.62  0.625  954.221
0.64  0.647  979.53
0.66  0.661  939.805
0.68  0.663  898.938
0.7  0.725  884.143
0.72  0.712  887.08
0.74  0.726  830.046
0.76  0.743  777.848
0.78  0.757  801.559
0.8  0.816  685.375
0.82  0.827  653.96
0.84  0.831  599.477
0.86  0.86  534.857
0.88  0.881  491.949
0.9  0.906  369.673
0.92  0.91  347.849
0.94  0.934  265.422
0.96  0.965  166.685
0.98  0.984  73.232
1.0  1.0  0.0
