0.0  0.0  0.0
0.02  0.017  908.243
0.04  0.039  1463.278
0.06  0.063  2398.871
0.08  0.087  2996.665
0.1  0.099  3734.025
0.12  0.096  4043.37
0.14  0.147  5080.392
0.16  0.176  5377.287
0.18  0.202  5663.519
0.2  0.209  6416.032
0.22  0.23  6593.031
0.24  0.247  7116.625
0.26  0.268  7258.143
0.28  0.296  8268.708
0.3  0.293  8093.161
0.32  0.323  8323.386
0.34  0.333  8617.463
0.36  0.351  8821.809
0.38  0.373  8865.44
0.4  0.386  9239.723
0.42  0.403  8864.144
0.44  0.415  8614.521
0.46  0.459  9244.932
0.48  0.481  9013.87
0.5  0.49  9445.842
0.52  0.499  9621.037
0.54  0.538  9323.349
0.56  0.585  9426.305
0.58  0.572  9142.013
0.6  0.584  9400.581
0.62  0.614  8702.285
0.64  0.671  8435.818
0.66  0.666  8492.029
0.68  0.693  8349.547
0.7  0.703  7691.93
0.72  0.754  7482.455
0.74  0.73  7187.103
0.76  0.74  7577.282
0.78  0.766  6831.359
0.8  0.792  6420.239
0.82  0.814  5933.82
0.84  0.867  5127.078
0.86  0.854  4530.148
0.88  0.863  4495.449
0.9  0.907  3480.974
0.92  0.909  2690.1
0.94  0.943  2483.004
0.96  0.962  1444.211
0.98  0.986  830.63
1.0  1.0  0.0
