0.0  0.0  0.0
0.02  0.021  104.421
0.04  0.034  155.409
0.06  0.054  234.968
0.08  0.087  340.33
0.1  0.097  416.179
0.12  0.11  463.939
0.14  0.153  568.639
0.16  0.181  652.352
0.18  0.19  692.191
0.2  0.167  660.487
0.22  0.198  730.368
0.24  0.234  752.088
0.26  0.25  816.527
0.28  0.288  852.699
0.3  0.281  877.572
0.32  0.331  932.411
0.34  0.333  867.969
0.36  0.363  966.961
0.38  0.394  968.593
0.4  0.394  993.334
0.42  0.399  986.74
0.44  0.455  1015.711
0.46  0.46  1046.595
0.48  0.45  987.771
0.5  0.522  1079.32
0.52  0.515  1050.995
0.54  0.524  1044.687
0.56  0.55  1034.693
0.58  0.545  978.783
0.6  0.593  1006.746
0.62  0.615  1003.928
0.64  0.641  969.705
0.66  0.656  1005.917
0.68  0.67  902.408
0.7  0.699  876.331
0.72  0.73  850.414
0.74  0.75  829.422
0.76  0.769  806.842
0.78  0.785  751.409
0.8  0.82  709.409
0.82  0.823  657.152
0.84  0.828  565.096
0.86  0.867  524.241
0.88  0.872  458.648
0.9  0.923  389.4
0.92  0.922  344.237
0.94  0.954  232.959
0.96  0.97  178.149
0.98  0.978  96.112
1.0  1.0  0.0
