0.0  0.0  0.0
0.02  0.02  93.317
0.04  0.047  184.263
0.06  0.059  299.747
0.08  0.07  339.475
0.1  0.103  386.869
0.12  0.128  484.554
0.14  0.124  561.456
0.16  0.164  603.078
0.18  0.168  597.38
0.2  0.17  639.317
0.22  0.224  758.035
0.24  0.243  816.889
0.26  0.274  832.352
0.28  0.267  860.046
0.3  0.313  918.139
0.32  0.302  894.557
0.34  0.336  905.019
0.36  0.362  983.699
0.38  0.348  962.783
0.4  0.398  983.445
0.42  0.435  1025.028
0.44  0.442  990.777
0.46  0.432  1012.889
0.48  0.519  1100.391
0.5  0.481  1068.376
0.52  0.522  1034.76
0.54  0.543  1014.079
0.56  0.552  1005.772
0.58  0.582  976.591
0.6  0.607  955.163
0.62  0.607  1003.404
0.64  0.646  976.955
0.66  0.64  1011.606
0.68  0.698  933.373
0.7  0.717  853.399
0.72  0.733  825.107
0.74  0.745  827.661
0.76  0.733  766.522
0.78  0.779  723.414
0.8  0.793  669.407
0.82  0.814  643.526
0.84  0.839  559.483
0.86  0.849  552.158
0.88  0.892  425.358
0.9  0.908  399.405
0.92  0.913  346.861
0.94  0.934  296.388
0.96  0.956  193.1
0.98  0.977  103.639
1.0  1.0  0.0
