0.0  0.0  0.0
0.02  0.017  108.373
0.04  0.038  205.881
0.06  0.067  282.443
0.08  0.066  303.092
0.1  0.086  409.959
0.12  0.118  509.972
0.14  0.14  545.709
0.16  0.143  570.564
0.18  0.169  646.013
0.2  0.179  650.798
0.22  0.234  774.794
0.24  0.238  847.473
0.26  0.246  786.495
0.28  0.278  890.387
0.3  0.32  933.21
0.32  0.367  1011.08
0.34  0.342  922.924
0.36  0.369  960.499
0.38  0.386  985.375
0.4  0.39  1005.215
0.42  0.423  1043.415
0.44  0.436  1022.921
0.46  0.454  976.792
0.48  0.469  1085.517
0.5  0.52  1066.882
0.52  0.488  1004.469
0.54  0.543  1080.793
0.56  0.547  1019.022
0.58  0.593  984.876
0.6  0.622  1012.648
0.62  0.574  1017.717
0.64  0.613  930.628
0.66  0.67  928.025
0.68  0.69  887.382
0.7  0.69  903.873
0.72  0.727  875.393
0.74  0.732  786.37
0.76  0.75  761.066
0.78  0.807  719.361
0.8  0.809  736.624
0.82  0.815  664.638
0.84  0.828  631.181
0.86  0.861  536.184
0.88  0.883  470.445
0.9  0.888  405.336
0.92  0.91  344.183
0.94  0.948  267.781
0.96  0.963  198.165
0.98  0.985  88.594
1.0  1.0  0.0
