0.00  0.00  0.00
0.02  0.02  113.11
0.04  0.039  160.58
0.06  0.062  271.945
0.82  0.831  578.091
0.22  0.237  761.211
0.08  0.087  354.957
0.62  0.615  1006.013
0.42  0.423  981.966
0.1  0.098  390.073
0.84  0.818  656.701
0.24  0.233  787.15
0.12  0.11  473.439
0.86  0.867  499.624
0.64  0.648  924.357
0.44  0.447  992.029
0.14  0.152  570.889
0.88  0.884  498.861
0.26  0.26  826.101
0.9  0.899  392.32
0.66  0.663  965.674
0.16  0.151  576.161
0.46  0.463  1001.453
0.92  0.913  342.093
0.28  0.29  843.739
0.94  0.947  285.455
0.18  0.152  595.93
0.96  0.949  213.016
0.98  0.975  114.51
1.0  1.0  0.0
0.68  0.682  946.793
0.48  0.474  1019.41
0.3  0.273  878.832
0.2  0.201  744.556
0.7  0.703  820.317
0.5  0.515  1040.947
0.32  0.338  900.199
0.72  0.734  839.121
0.34  0.34  929.11
0.52  0.503  1024.218
0.74  0.742  839.855
0.36  0.348  943.808
0.76  0.754  794.07
0.54  0.538  1081.519
0.78  0.761  757.942
0.38  0.367  974.845
0.56  0.548  1073.701
0.8  0.81  660.251
0.4  0.409  1017.323
0.58  0.584  1043.386
0.6  0.582  1016.702
