0.0  0.0  0.0
0.02  0.017  7453.043
0.04  0.044  18630.741
0.06  0.061  27848.678
0.08  0.079  33715.437
0.1  0.095  40780.038
0.12  0.127  45410.839
0.14  0.145  52579.977
0.16  0.179  60302.094
0.18  0.187  69551.189
0.2  0.202  70253.534
0.22  0.231  69370.275
0.24  0.235  76616.754
0.26  0.258  74242.001
0.28  0.282  89605.666
0.3  0.303  85480.101
0.32  0.342  95234.615
0.34  0.355  90742.667
0.36  0.361  95192.284
0.38  0.384  97489.674
0.4  0.393  96884.17
0.42  0.424  98043.894
0.44  0.424  101976.14
0.46  0.463  99974.962
0.48  0.478  103350.367
0.5  0.512  105741.643
0.52  0.529  104861.864
0.54  0.561  99353.27
0.56  0.558  102371.569
0.58  0.576  94241.288
0.6  0.627  95008.66
0.62  0.6  97637.866
0.64  0.648  94250.188
0.66  0.646  99303.154
0.68  0.712  90308.096
0.7  0.699  92407.686
0.72  0.706  91269.949
0.74  0.744  82300.19
0.76  0.748  78594.138
0.78  0.772  78698.203
0.8  0.793  68358.264
0.82  0.828  65076.517
0.84  0.84  54846.875
0.86  0.887  49298.731
0.88  0.879  44835.701
0.9  0.91  41872.464
0.92  0.923  30768.626
0.94  0.942  25277.813
0.96  0.956  17747.122
0.98  0.986  9902.213
1.0  1.0  0.0
