0.0  0.0  0.0
0.02  0.017  380.043
0.04  0.033  623.321
0.06  0.054  1092.539
0.08  0.08  1461.802
0.1  0.111  1678.952
0.12  0.118  1963.26
0.14  0.13  2050.096
0.16  0.155  2408.829
0.18  0.158  2660.127
0.2  0.198  2761.758
0.22  0.221  3080.186
0.24  0.251  3081.178
0.26  0.252  3454.197
0.28  0.274  3306.663
0.3  0.295  3435.263
0.32  0.343  3560.399
0.34  0.334  3769.722
0.36  0.353  3733.174
0.38  0.367  3819.438
0.4  0.356  3825.703
0.42  0.425  4093.057
0.44  0.431  3897.613
0.46  0.457  4307.573
0.48  0.491  4076.891
0.5  0.469  4079.044
0.52  0.529  4224.414
0.54  0.525  3961.794
0.56  0.57  4153.507
0.58  0.582  3836.611
0.6  0.555  4006.614
0.62  0.622  3801.019
0.64  0.615  3980.129
0.66  0.647  3958.485
0.68  0.691  3773.746
0.7  0.71  3489.006
0.72  0.751  3312.898
0.74  0.731  3444.585
0.76  0.79  3050.58
0.78  0.782  2928.573
0.8  0.789  2946.02
0.82  0.812  2486.187
0.84  0.846  2484.494
0.86  0.866  2021.724
0.88  0.893  1689.46
0.9  0.882  1741.523
0.92  0.914  1381.27
0.94  0.939  1055.49
0.96  0.962  701.164
0.98  0.976  374.223
1.0  1.0  0.0
