9.992737451575561813e-01
9.970346297271414082e-01
9.913733106673072726e-01
9.796281199429375253e-01
9.568759280087119068e-01
9.113554478462919661e-01
8.927772424956278430e-01
8.683741478079847198e-01
8.352990104102980817e-01
7.860048465207485346e-01
6.795449184797401898e-01
4.996007322433543840e-01
2.978509333654152380e-01
1.976227966881578813e-01
1.550156167028488574e-01
1.288630627285074493e-01
1.080510154061531947e-01
9.629979530659532605e-02
6.780275305564109622e-02
5.459575143727506130e-02
4.627797575926117374e-02
4.137896208377198765e-02
