9.992762692296894844e-01
9.970277321881044763e-01
9.913854151324317243e-01
9.796244828073821242e-01
9.568580243712507816e-01
9.112834373807370270e-01
8.927499592856472654e-01
8.688121514037803195e-01
8.357869498225656280e-01
7.853308140187280628e-01
6.758911002222562914e-01
3.319266205579078366e-01
1.562513745890259653e-01
1.021867175781218939e-01
7.689509449979964328e-02
6.272272342300691528e-02
5.478491268384812901e-02
4.811839975836403743e-02
3.396382905342437003e-02
2.708422717506212690e-02
2.335876457396286049e-02
2.076930945040119172e-02
