9.992662055789804931e-01
9.970122101785833246e-01
9.914206705691769317e-01
9.796653476212469069e-01
9.569058430497963119e-01
9.104233256678513353e-01
8.939060124379302197e-01
8.703003055107542130e-01
8.426637088506059303e-01
8.115343029920742968e-01
7.748141738492464459e-01
7.320260570900973818e-01
6.828181166978979366e-01
6.322007914270024731e-01
5.867636188496908600e-01
5.385367376800560546e-01
4.920442611340982708e-01
4.572438423594609724e-01
3.434849724795860371e-01
2.767228638308201205e-01
2.375884130848080478e-01
2.107355291111076834e-01
