1.573127397791473925e-03
5.845302855865079465e-03
1.688080288727736647e-02
4.290547653759691632e-02
1.137301343613462967e-01
3.803467678030469923e-01
5.851239917126622725e-01
9.886078666911566337e-01
1.816537033542146684e+00
4.161222412714257857e+00
2.223355559983622953e+01
4.268112873651917027e+01
3.546452268915666650e+01
2.000931973488015814e+01
1.311850138459067061e+01
9.057413923199193917e+00
6.339113861776614733e+00
5.039689656651418659e+00
2.305026643103890382e+00
1.403344647586659333e+00
9.520405283705987154e-01
7.139406272042376767e-01
