1.595783880292689361e-03
5.881317282944535478e-03
1.668625295034706010e-02
4.298235148959828750e-02
1.127954640870084402e-01
3.927447788505067372e-01
5.026288383955910266e-01
7.217186348085004033e-01
9.831358457498973191e-01
1.279095886299749019e+00
1.615170772093588836e+00
1.955551278880214294e+00
2.280075773932537242e+00
2.541807362653799807e+00
2.590881955251056468e+00
2.618294382309278134e+00
2.539885043357273720e+00
2.410134622469512600e+00
1.732616472900122551e+00
1.206664202364348570e+00
8.833858933412064296e-01
6.784984837329636198e-01
