1.567401715085736669e-03
5.878277749745327782e-03
1.683831245467639140e-02
4.304487254830347692e-02
1.129212330758861543e-01
3.922796852107168775e-01
5.817633603673695308e-01
9.410819125670112362e-01
1.800472383506077412e+00
4.875592770438941237e+00
3.050723314945172149e+01
1.422721637423931327e+02
5.368618795365566143e+01
2.458992197461035545e+01
1.319211139684937883e+01
8.878210448353195616e+00
6.661367172579800489e+00
4.974490581100340592e+00
2.337574341340239226e+00
1.402799280996293252e+00
9.747362453189181153e-01
7.199081763167315406e-01
