9.992759867812901486e-01
9.970284387173066198e-01
9.913840518698721072e-01
9.796301644284057808e-01
9.568504117337632842e-01
9.113367250270659747e-01
8.928358521715533680e-01
8.686067701903221749e-01
8.361454348052826946e-01
7.870337121760736521e-01
6.807982122485335408e-01
3.199960649059886975e-01
1.432742969912166875e-01
9.904099052857877339e-02
7.893306381006630346e-02
6.444672194546051391e-02
5.496995557151631434e-02
4.692655892538925844e-02
3.383198768983603638e-02
2.711817486088448706e-02
2.339848449290377053e-02
2.062951667446733667e-02
