9.992780422895225501e-01
9.970191897562034056e-01
9.913185483286263144e-01
9.796217558734857667e-01
9.565893130835229075e-01
9.109609572237392650e-01
8.937248699504601879e-01
8.699733674024632268e-01
8.446610925293941419e-01
8.123964236816241247e-01
7.686959822537078324e-01
7.353181728204718492e-01
6.856493762259697755e-01
6.349251123977709410e-01
5.883790849406022039e-01
5.399235511763611495e-01
4.970909855285480239e-01
4.564894765520121078e-01
3.448889696142893313e-01
2.774443317461968705e-01
2.375950253162139869e-01
2.097569188633791881e-01
