9.992765990293134282e-01
9.970266444373419024e-01
9.913795326954482068e-01
9.796438815434107550e-01
9.569060242738408606e-01
9.114104942645447904e-01
8.931101952855582393e-01
8.685986518396064948e-01
8.341841294202112511e-01
7.879814449358806261e-01
6.770904238970794076e-01
4.921510152019545892e-01
2.974354664582198882e-01
2.026949708265759764e-01
1.553705384274859658e-01
1.265392568587284938e-01
1.086728802594897625e-01
9.673989889822384725e-02
6.688680880246752891e-02
5.422361668652809358e-02
4.685159091514887880e-02
4.149251287244404979e-02
