1.562637441110403813e-03
5.870916640338119663e-03
1.688211858344049535e-02
4.280060965419080904e-02
1.124935425225428859e-01
3.792980898051356853e-01
5.681736900998144435e-01
9.960139050993600529e-01
2.088779900071745743e+00
3.696725616888170141e+00
2.238388201676896827e+01
4.579504226599955530e+01
3.467404514458656450e+01
2.012006488766178336e+01
1.321518449479850865e+01
8.720581817054762652e+00
6.278875689726937992e+00
5.056365570925859920e+00
2.248377077556051873e+00
1.382042501447591665e+00
9.786932337280780381e-01
7.262107977414956617e-01
