1.557833623155868707e-03
5.936965570922196449e-03
1.716454213485889974e-02
4.289000123463421882e-02
1.203455959272305142e-01
3.789035136793961200e-01
5.055059372661464545e-01
7.331706466561334068e-01
9.682768984198495410e-01
1.259295509623489018e+00
1.711474899112280790e+00
1.913230365157289281e+00
2.259571228518156172e+00
2.500482301452890077e+00
2.586619618136932086e+00
2.603073604826184440e+00
2.515864143881980652e+00
2.406174911870655908e+00
1.731913607191502447e+00
1.215952755722429668e+00
8.904426395044789944e-01
6.771231287158245848e-01
