1.571616495832373062e-03
5.878091362728396149e-03
1.678741044904999771e-02
4.305302835419522883e-02
1.137435481561125811e-01
3.847645125004683919e-01
5.609745893045077203e-01
9.365179390181879171e-01
1.803245831216328643e+00
4.129815693595688231e+00
2.468524096224605913e+01
1.382436275344429646e+02
4.713532493174822946e+01
2.115939427548704188e+01
1.399389332503199057e+01
9.242580075688374919e+00
6.701129616517381926e+00
4.905093981871419651e+00
2.305286045074247170e+00
1.396477198956456611e+00
9.752596359140508486e-01
7.149547184257984966e-01
